Mb = 300; %Kg
Mw = 30; %Kg
Ks = 16000; %N/m
Kt = 160000; %N/m
Knl = 1.0e6; % N/m^3
Bs = 1200; %N*s/m
Bt = 10; %N*s/m
B1  = 1200; % N*s/m
B2  = 500; % N*s^2/m^2
Fs = 0; %N